image_width: 640
image_height: 480
camera_name: camera
camera_matrix:
  rows: 3
  cols: 3
  data: [1061.948109149605, 0, 287.0828271710293, 0, 1054.445054085591, 156.4875264545481, 0, 0, 1]
distortion_model: plumb_bob
distortion_coefficients:
  rows: 1
  cols: 5
  data: [0.002821669199285074, 1.674391242591292, -0.02064320519300319, -0.0238375623213803, 0]
rectification_matrix:
  rows: 3
  cols: 3
  data: [1, 0, 0, 0, 1, 0, 0, 0, 1]
projection_matrix:
  rows: 3
  cols: 4
  data: [1099.119384765625, 0, 281.7237581318113, 0, 0, 1088.366577148438, 154.6860411278121, 0, 0, 0, 1, 0]